18
6
2 2 2 3
4 2 4 5
5 2 4 5
2 1 6
3 1 6
4 0
8
2 3 2 3 4
6 2 5 6
6 2 5 6
6 2 6 7
2 1 8
3 1 7
4 1 8
5 0
11
3 4 2 3 4 5
3 3 3 6 7
1 1 11
11 1 5
4 1 7
7 1 8
5 1 6
10 2 9 10
10 0
8 1 9
4 3 4 7 10
7
2 2 2 5
3 2 3 5
5 3 4 5 6
6 2 6 7
2 1 6
3 1 7
6 0
20
2 2 2 14
5 5 3 4 5 6 12
14 3 7 8 14
9 2 8 9
11 2 10 11
12 2 12 13
14 3 13 14 15
3 1 14
16 3 16 18 19
16 2 16 17
17 2 12 17
11 1 18
6 1 19
8 1 19
19 2 16 19
10 1 18
10 1 18
12 1 20
15 1 20
19 0
9
3 2 2 3
8 2 4 8
8 2 5 8
7 2 6 7
9 2 6 9
5 1 9
8 1 9
3 1 7
6 0
6
5 0
3 2 3 4
5 2 5 6
6 2 5 6
3 1 1
4 1 1
20
4 1 8
7 1 1
6 1 2
7 1 1
7 1 4
5 4 2 3 4 5
6 5 2 3 4 5 6
9 4 9 10 11 16
14 4 10 12 13 14
9 1 11
10 1 15
16 2 16 17
17 2 17 18
19 2 18 19
19 2 18 19
12 1 17
12 1 20
14 1 20
15 1 20
18 0
14
2 3 2 3 4
6 2 5 6
6 2 5 6
6 2 6 7
2 1 8
3 1 7
4 1 8
5 1 9
10 2 10 11
12 2 12 13
13 2 12 13
10 1 14
11 1 14
12 0
14
2 3 2 3 4
5 2 5 6
5 2 5 6
6 2 6 7
2 1 8
3 1 7
4 1 8
5 1 9
10 2 10 11
12 2 12 13
12 2 12 13
10 1 14
11 1 14
12 0
10
2 3 2 3 10
4 2 4 8
5 2 4 5
3 1 6
7 3 4 6 7
5 1 9
8 2 8 9
7 1 9
8 1 10
9 0
10
2 3 2 3 10
4 2 4 8
5 2 4 5
3 1 6
7 3 4 6 7
5 1 9
8 2 8 9
7 1 9
8 1 10
1 0
8
2 3 2 3 4
5 2 5 6
6 2 5 6
6 2 6 7
3 1 8
3 1 7
4 1 8
5 0
17
3 4 2 3 4 5
10 3 6 10 13
7 2 6 7
12 2 7 12
9 2 8 9
2 1 14
3 1 11
16 2 12 16
15 2 15 16
14 2 13 14
15 2 14 15
8 1 15
2 1 17
10 1 17
11 1 17
9 1 17
15 0
17
15 0
10 3 6 10 13
7 2 6 7
12 2 7 12
9 2 8 9
2 1 14
3 1 11
16 2 12 16
15 2 15 16
14 2 13 14
15 2 14 15
8 1 15
2 1 1
10 1 1
11 1 1
9 1 1
3 4 2 3 4 5
17
3 4 2 3 4 5
10 3 6 10 13
7 2 6 7
12 2 7 12
9 2 8 9
2 1 14
4 1 11
16 2 12 16
15 2 15 16
14 2 13 14
15 2 14 15
8 1 15
2 1 17
10 1 17
11 1 17
9 1 17
15 0
12
3 3 2 3 6
7 2 3 7
2 1 4
10 3 5 6 10
12 1 6
5 0
9 2 8 9
10 2 10 11
3 3 3 10 11
9 1 12
8 1 12
11 1 5
12
2 3 2 3 6
7 2 3 7
2 1 4
10 3 5 6 10
12 1 6
5 0
9 2 8 9
10 2 10 11
3 3 3 10 11
9 1 12
8 1 12
10 1 5
